%YAML:1.0
---
image_width: 640
image_height: 480
camera_matrix: !!opencv-matrix
   rows: 3
   cols: 3
   dt: d
   data: [ 6.1094423109901686e+02, 0., 3.1729719179934841e+02, 0.,
       6.1372005404580307e+02, 2.2967867926710755e+02, 0., 0., 1. ]
distortion_coefficients: !!opencv-matrix
   rows: 1
   cols: 5
   dt: d
   data: [ 1.4758922093253640e-01, -4.0217052770916489e-01,
       -8.7448904996691255e-03, 4.7950383804171746e-05,
       2.9657656818211231e-01 ]
